V2delta values used by Compare3times2PC_EtaDiff_FourSystems_Nch.cxx

Source files currently used:
- Ne-Ne: ./3times2PC/Vn_LHC25af_pass2_650315_nch10_50_Mult_10_50.root
- O-O:   ./3times2PC/Vn_LHC25ae_pass2_653254_Mult_10_50.root
- p-O:   ./3times2PC/Vn_LHC25ad_pass2_650299_Mult_10_50.root
- pp:    ./3times2PC/Vn_LHC24af_pass1_650588_Nch_10_50.root

Columns:
bin_index  bin_center  v2delta  v2delta_error

[Ne-Ne]
1  1   0.038497   0.000772552
2  2   0.0716577  0.00179451
3  3   0.0709974  0.00203592
4  4   0.0753157  0.00235053
5  5   0.0728707  0.00205242
6  6   0.0760528  0.00212651
7  7   0.0708091  0.00180265
8  8   0.0740658  0.00202749
9  9   0.0716891  0.00197482
10 10  0.0710449  0.00162228
11 11  0.07174    0.00202006
12 12  0.0746835  0.00196282
13 13  0.0731119  0.00223735
14 14  0.0702294  0.00195239
15 15  0.0713261  0.00207018
16 16  0.0720493  0.00202188
17 17  0.0700349  0.00192083
18 18  0.0205185  0.000411762

[O-O]
1  1   0.0416136  0.000296438
2  2   0.0672012  0.000695943
3  3   0.0687912  0.000734957
4  4   0.0669846  0.000659854
5  5   0.0669708  0.000710957
6  6   0.0681462  0.000667051
7  7   0.067682   0.000591374
8  8   0.0679194  0.000699174
9  9   0.0684789  0.000583688
10 10  0.0674422  0.000857844
11 11  0.0691379  0.000594518
12 12  0.0678109  0.000674153
13 13  0.0667751  0.000592234
14 14  0.0675165  0.000695354
15 15  0.0666571  0.000642373
16 16  0.0665501  0.000782433
17 17  0.0654648  0.000577179
18 18  0.0220377  0.000156988

[p-O]
1  1   0.0387469  0.000246367
2  2   0.0634539  0.000790488
3  3   0.0660309  0.000889135
4  4   0.0648363  0.000594117
5  5   0.0652338  0.000972397
6  6   0.0666128  0.000676558
7  7   0.0665037  0.0010055
8  8   0.0665249  0.000858383
9  9   0.0654893  0.000772454
10 10  0.0670464  0.000838991
11 11  0.0670088  0.000682211
12 12  0.0667679  0.000774549
13 13  0.0647852  0.0007102
14 14  0.0647189  0.000839896
15 15  0.0624163  0.000655705
16 16  0.0624694  0.000599806
17 17  0.0625169  0.000683068
18 18  0.0181492  0.0001154

[pp]
1  1   0.0317835  0.0001314
2  2   0.0676911  0.000507253
3  3   0.0676173  0.000726436
4  4   0.0692529  0.000665134
5  5   0.0723754  0.000694943
6  6   0.071732   0.00054797
7  7   0.0737867  0.000591097
8  8   0.0737775  0.000505295
9  9   0.073731   0.000575246
10 10  0.0731495  0.00073517
11 11  0.0732431  0.000756482
12 12  0.0722492  0.000606457
13 13  0.0722451  0.000527758
14 14  0.0719384  0.000592574
15 15  0.0708646  0.00072722
16 16  0.0699607  0.000580107
17 17  0.0663624  0.000560301
18 18  0.0149552  6.18281e-05
