Template-fit V2delta values used in the Nch pipeline

These are the values stored in the template-fit ROOT outputs:
- eta-diff files: gV2Delta
- FT0A-FT0C files: hV2

[Ne-Ne]

Ne-Ne LM
File: ./TemplateFit/EtaDiff/VnDelta_LHC25af_pass2_650316_nch10_50_Mult_10_50_TPC_FT0A.root
eta_center  V2delta    error
-0.75  0.00145367  4.02226e-05
-0.65  0.00135752  4.40259e-05
-0.55  0.0015389   6.89471e-05
-0.45  0.0014519   4.67494e-05
-0.35  0.00154403  5.29806e-05
-0.25  0.00143986  3.84294e-05
-0.15  0.00155765  5.43423e-05
-0.05  0.00150807  4.75246e-05
 0.05  0.00142515  2.14443e-05
 0.15  0.00154321  5.15997e-05
 0.25  0.00152631  4.80466e-05
 0.35  0.00160972  5.94113e-05
 0.45  0.00145602  3.95534e-05
 0.55  0.0014413   4.46151e-05
 0.65  0.00144062  5.16913e-05
 0.75  0.00147223  3.8434e-05

Ne-Ne MR
File: ./TemplateFit/EtaDiff/VnDelta_LHC25af_pass2_650317_nch10_50_Mult_10_50_TPC_FT0C.root
eta_center  V2delta    error
-0.75  0.00279018  4.22831e-05
-0.65  0.00293299  7.89271e-05
-0.55  0.00291161  5.64154e-05
-0.45  0.00288896  7.21112e-05
-0.35  0.00295901  6.18266e-05
-0.25  0.00275061  5.26786e-05
-0.15  0.00278187  4.54518e-05
-0.05  0.00269189  6.19107e-05
 0.05  0.00279755  5.20343e-05
 0.15  0.00263434  6.12267e-05
 0.25  0.00288656  4.64283e-05
 0.35  0.002623    7.73844e-05
 0.45  0.00267573  7.75559e-05
 0.55  0.00278815  8.35561e-05
 0.65  0.0028463   5.3192e-05
 0.75  0.00263163  7.50866e-05

Ne-Ne LR
File: ./TemplateFit/VnDelta_LHC25af_pass2_650315_nch10_50_Mult_FT0A_FT0C.root
bin_center  V2delta    error
30  0.000789901  3.07281e-05

[O-O]

O-O LM
File: ./TemplateFit/EtaDiff/VnDelta_LHC25ae_pass2_653254_Mult_10_50_TPC_FT0A.root
eta_center  V2delta    error
-0.75  0.00146775  1.74383e-05
-0.65  0.00150354  2.20451e-05
-0.55  0.00146433  1.92594e-05
-0.45  0.00145226  2.12478e-05
-0.35  0.00150608  1.81429e-05
-0.25  0.00147746  8.34824e-06
-0.15  0.00149742  1.62567e-05
-0.05  0.00151764  1.05252e-05
 0.05  0.0014867   2.86079e-05
 0.15  0.00153244  1.13555e-05
 0.25  0.00150654  1.72743e-05
 0.35  0.00146911  1.01912e-05
 0.45  0.00148903  2.0491e-05
 0.55  0.00148162  1.68526e-05
 0.65  0.00146784  2.43301e-05
 0.75  0.00147148  1.08519e-05

O-O MR
File: ./TemplateFit/EtaDiff/VnDelta_LHC25ae_pass2_653254_Mult_10_50_TPC_FT0C.root
eta_center  V2delta    error
-0.75  0.00282166  2.79493e-05
-0.65  0.00288638  2.07896e-05
-0.55  0.00281004  1.41752e-05
-0.45  0.00283224  1.94176e-05
-0.35  0.00282774  1.96766e-05
-0.25  0.00284337  2.60176e-05
-0.15  0.00282518  3.04666e-05
-0.05  0.00283367  2.05876e-05
 0.05  0.0028057   2.61946e-05
 0.15  0.00286056  2.04563e-05
 0.25  0.00279912  2.41029e-05
 0.35  0.00278341  2.4392e-05
 0.45  0.0028075   1.88713e-05
 0.55  0.00275015  1.99046e-05
 0.65  0.00276708  2.60226e-05
 0.75  0.00267094  2.18331e-05

O-O LR
File: ./TemplateFit/VnDelta_LHC25ae_pass2_653254_Mult_FT0A_FT0C.root
bin_center  V2delta    error
30  0.00091707  1.26318e-05

[p-O]

p-O LM
File: ./TemplateFit/EtaDiff/VnDelta_LHC25ad_pass2_650295_Mult_10_50_TPC_FT0A.root
eta_center  V2delta    error
-0.75  0.00111254  2.20504e-05
-0.65  0.00119122  2.51411e-05
-0.55  0.00115765  1.42561e-05
-0.45  0.00115916  2.49589e-05
-0.35  0.00116648  1.51477e-05
-0.25  0.00118881  2.81083e-05
-0.15  0.00119458  2.30272e-05
-0.05  0.00115996  2.22228e-05
 0.05  0.00122066  1.859e-05
 0.15  0.00124122  1.73034e-05
 0.25  0.0012388   1.87184e-05
 0.35  0.0011766   1.56718e-05
 0.45  0.00119386  2.18983e-05
 0.55  0.00116177  1.64887e-05
 0.65  0.00117135  1.17129e-05
 0.75  0.0011898   1.00802e-05

p-O MR
File: ./TemplateFit/EtaDiff/VnDelta_LHC25ad_pass2_650297_Mult_10_50_TPC_FT0C.root
eta_center  V2delta    error
-0.75  0.00254505  2.46016e-05
-0.65  0.00257393  3.10297e-05
-0.55  0.00255362  1.80044e-05
-0.45  0.00258165  4.40145e-05
-0.35  0.00267504  2.79909e-05
-0.25  0.00261623  3.88791e-05
-0.15  0.00260525  3.29419e-05
-0.05  0.00260012  1.92747e-05
 0.05  0.00258971  4.17513e-05
 0.15  0.00254396  2.35583e-05
 0.25  0.00253064  3.35227e-05
 0.35  0.00250851  3.25895e-05
 0.45  0.0024672   3.51282e-05
 0.55  0.00235814  2.42226e-05
 0.65  0.00234285  2.71474e-05
 0.75  0.00231001  3.80443e-05

p-O LR
File: ./TemplateFit/VnDelta_LHC25ad_pass2_650299_Mult_FT0A_FT0C.root
bin_center  V2delta    error
30  0.000703225  8.15575e-06

[pp]

pp LM
File: ./TemplateFit/EtaDiff/VnDelta_LHC24af_pass1_650589_Mult_10_50_TPC_FT0A.root
eta_center  V2delta    error
-0.75  0.000960102  1.22882e-05
-0.65  0.000961602  1.8127e-05
-0.55  0.00097904   1.62379e-05
-0.45  0.00107264   1.57942e-05
-0.35  0.0010565    1.28389e-05
-0.25  0.00109134   1.18627e-05
-0.15  0.00110097   9.60924e-06
-0.05  0.00111031   1.33253e-05
 0.05  0.00108751   1.78327e-05
 0.15  0.00109393   1.40319e-05
 0.25  0.0010973    1.061e-05
 0.35  0.00110178   1.09849e-05
 0.45  0.0011057    1.37098e-05
 0.55  0.00109101   1.69961e-05
 0.65  0.0011068    1.33215e-05
 0.75  0.00104063   1.43615e-05

pp MR
File: ./TemplateFit/EtaDiff/VnDelta_LHC24af_pass1_650589_Mult_10_50_TPC_FT0C.root
eta_center  V2delta    error
-0.75  0.00226851  6.49213e-06
-0.65  0.00226004  1.65625e-05
-0.55  0.00232847  1.49605e-05
-0.45  0.00232125  2.31378e-05
-0.35  0.002315    1.33246e-05
-0.25  0.00237131  2.19814e-05
-0.15  0.00235     1.80253e-05
-0.05  0.0023273   1.59263e-05
 0.05  0.00233875  2.12462e-05
 0.15  0.00233099  3.3743e-05
 0.25  0.00226119  2.63429e-05
 0.35  0.00225174  1.76494e-05
 0.45  0.00222473  1.79435e-05
 0.55  0.00218788  2.45534e-05
 0.65  0.00210201  1.85093e-05
 0.75  0.00201159  1.30466e-05

pp LR
File: ./TemplateFit/VnDelta_LHC24af_pass1_650588_Mult_FT0A_FT0C.root
bin_center  V2delta    error
30  0.000475329  3.44794e-06
